Att_w:10.000_X_w:10.000_Centroid_w:10.000_Semantic_w:5.000_Unseen_w:1.000
Acc:62.674426433839095_StdAcc:63.74320738026034
